p_chr	p_start	p_end	name	activity	activity_025	activity_050	activity_975	sd_activity	shape	rate
chr22	21213290	21213291	SNAP29	644.021694474105	633.851229819593	644.007647947523	654.271984316305	5.20950177891186	15283	23.7305670463163
chr22	21996540	21996541	SDF2L1	1622.00366537019	1601.15531284208	1621.98026394612	1642.98500619121	10.6710767458565	23104	14.2441108446737
chr22	22863503	22863504	ZNF280B	71.2320433992262	68.7817569511898	71.2246026052833	73.7246150989087	1.26099104037067	3191	44.7972548269571
chr22	22874622	22874623	ZNF280A	66.4958828807562	62.8616812052553	66.4781656593109	70.2307690489375	1.88003572429178	1251	18.813194829571
chr22	22901766	22901767	PRAME	4132.12619368321	4110.31671229047	4132.11617910674	4153.99258708403	11.1420166389902	137537	33.2848014686127
chr22	29137820	29137821	CHEK2	1680.60885733959	1627.68406272588	1680.4619404119	1734.36856598551	27.2165608252502	3813	2.26882060233575
chr22	41347349	41347350	RBX1	2459.16255606759	2397.77312863004	2459.02791203465	2521.31715286651	31.5173660418347	6088	2.47563951597215
chr22	17082799	17082800	TPTEP1	1196.23239294941	1176.09818844816	1196.20274006224	1216.53511220785	10.3157986356077	13447	11.2411267904603
chr22	17517458	17517459	CECR7	463.009219046003	439.887080006801	462.906469168675	486.715272260543	11.9468846933371	1502	3.24399588218732
chr22	18111586	18111587	ATP6V1E1	2485.26581228671	2439.19485404961	2485.19101836246	2531.76181775035	23.6146423306664	11076	4.45666614220588
chr22	18121348	18121349	BCL2L13	620.57272505412	606.220860545516	620.543590427582	635.090158951075	7.36484327669607	7100	11.4410442376126
chr22	18257259	18257260	BID	1932.89664985019	1886.9422423287	1932.8007157826	1979.39624175068	23.5859454414025	6716	3.47457790902608
chr22	18560684	18560685	PEX26	337.474379872036	328.520329787581	337.453490322926	346.547143264982	4.5988363364038	5385	15.9567668575075
chr22	19109965	19109966	DGCR2	511.33010727855	502.086650405443	511.315477020861	520.656706610968	4.73738196301247	11650	22.7837161046603
chr22	19132188	19132189	DGCR14	524.020587656254	511.089218141989	523.992554937925	537.111264476862	6.63849258044237	6231	11.8907541932062
chr22	19159217	19159218	LINC01311	308.54696680888	296.30220889832	308.503952823306	321.036168364424	6.31003100721277	2391	7.74922542499351
chr22	19166374	19166375	SLC25A1	2141.59525438052	2110.69798624704	2141.55629657785	2172.71391634534	15.8207567905569	18324	8.55623860882174
chr22	19419217	19419218	HIRA	496.641676384403	489.250810791265	496.632061640781	504.087181733576	3.78487733960984	17218	34.6688584924016
chr22	19419423	19419424	MRPL40	1387.56250796744	1362.23669300315	1387.52203203874	1413.11834404658	12.9803511986906	11427	8.23530466871632
chr22	19435753	19435754	C22orf39	802.159688040392	784.703097323175	802.126364936221	819.805650915846	8.95499552234488	8024	10.002995811971
chr22	19466736	19466737	UFD1	1811.94600447759	1789.10227526558	1811.9208574832	1834.93264191243	11.6916776086077	24018	13.2553618820031
chr22	19467347	19467348	CDC45	2310.42904515976	2285.75190251919	2310.40605311138	2335.23684966837	12.6239760415875	33496	14.4977401795448
chr22	19701985	19701986	SEPT5	986.013106994249	970.815156358023	985.992624018938	1001.32746060052	7.78393667408132	16046	16.2736173446157
chr22	19711064	19711065	GP1BB	820.229783382811	805.190653834044	820.205637087937	835.4061341835	7.70823206772081	11323	13.8046681910299
chr22	19744224	19744225	TBX1	121.77558698905	115.096449603359	121.742905890008	128.640446478311	3.4554087903803	1242	10.1990885916377
chr22	19842369	19842370	C22orf29	204.983807390907	200.625717259884	204.975681876071	209.388074084127	2.23535950563932	8409	41.0227525141238
chr22	19842460	19842461	GNB1L	300.797695555083	290.641320650461	300.767431714191	311.126056718758	5.22593239033953	3313	11.0140471451627
chr22	19929261	19929262	COMT	1649.74178264032	1620.04177135513	1649.69496973887	1679.70782750275	15.2213260688044	11747	7.12050826596607
chr22	19929513	19929514	TXNRD2	329.97943332777	320.655551498579	329.956247878704	339.435075803386	4.79087160785227	4744	14.3766535755208
chr22	20004307	20004308	ARVCF	560.623869627013	546.557347436781	560.592858544141	574.86662487749	7.22199230018035	6026	10.7487396211102
chr22	20008590	20008591	TANGO2	504.629794193786	493.472406911876	504.608151289928	515.910176115801	5.72409051257024	7772	15.4013894728844
chr22	20067753	20067754	DGCR8	674.482085555595	666.19561666664	674.473197714231	682.819063289796	4.24076779246598	25296	37.5043319040309
chr22	20104816	20104817	TRMT2A	1197.88531029026	1180.28193662944	1197.86269894401	1215.61718227762	9.01430370302157	17659	14.7418119650545
chr22	20104945	20104946	RANBP1	13019.5155516669	12938.7711051891	13019.4719658887	13100.5076925009	41.2601280185436	99570	7.64774999537155
chr22	20119362	20119363	ZDHHC8	470.401739104568	458.984936843292	470.377402749228	481.956842597592	5.86036752432753	6443	13.6968031033741
chr22	20307626	20307627	DGCR6L	1135.66626406038	1106.84643401175	1135.60199383755	1164.8513357083	14.7976611245846	5890	5.18638281896417
chr22	20748403	20748404	ZNF74	381.711868384767	372.35401700555	381.69171696012	391.184238421343	4.80378293126481	6314	16.5412724176432
chr22	20850168	20850169	KLHL22	138.290152740594	130.954265386265	138.255469022315	145.823142934216	3.79340110026105	1329	9.610228737638
chr22	20861827	20861828	MED15	967.275462906507	952.211691632449	967.254948562892	982.45581541204	7.7155225425543	15717	16.2487322409409
chr22	21213098	21213099	PI4KA	449.573729384977	443.92966650476	449.567542548912	455.252951526663	2.88865666062857	24222	53.877703292708
chr22	21271712	21271713	CRKL	443.995335561566	439.155366869641	443.990732626461	448.861462344315	2.47609701927594	32153	72.4174274473691
chr22	21336556	21336557	LZTR1	915.197115378036	901.423147362419	915.178992367809	929.074074890845	7.05397442713638	16833	18.3927590211502
chr22	21356402	21356403	THAP7	1255.40035319677	1235.70985278491	1255.37334498818	1275.24433890847	10.0855705268394	15494	12.3418795928692
chr22	21771691	21771692	HIC2	390.810512657574	384.651819458721	390.802024928365	397.017440882756	3.15457125984539	15348	39.2722291312768
chr22	21921834	21921835	UBE2L3	1253.50726399127	1241.61072930312	1253.4974207636	1265.45973691493	6.08405488391193	42449	33.8641834949076
chr22	21984338	21984339	YDJC	1865.17163712098	1848.37683342313	1865.15845608515	1882.0413475398	8.58806003617133	47168	25.2888254685274
chr22	22020271	22020272	PPIL2	1015.65661177028	1005.11594307779	1015.64707053537	1026.25150249568	5.39183674940088	35483	34.9360202934664
chr22	22221968	22221969	MAPK1	630.710199687865	625.187277959964	630.705984927065	636.257073548201	2.82398430443641	49881	79.0870355746361
chr22	22307248	22307249	PPM1F	536.145657721138	529.875547217144	536.139257905919	542.452137831477	3.20838296714371	27925	52.0847265996594
chr22	22337238	22337239	TOP3B	820.649705620906	808.485872873065	820.63394546835	832.903101952515	6.22903091510754	17357	21.15031526986
chr22	23522550	23522551	BCR	184.882369785662	181.088091911879	184.87554357254	188.7154404121	1.94580683234361	9028	48.8310486849902
chr22	24059608	24059609	GUSBP11	217.632249753633	207.904674986574	217.593663691849	227.579104457301	5.01931355678157	1880	8.63842561076414
chr22	24110157	24110158	CHCHD10	1935.63419177328	1839.38123029067	1935.20832632529	2034.30729132619	49.7298293147198	1515	0.782689211855712
chr22	24129116	24129117	SMARCB1	1136.14266301991	1108.64647139503	1136.08422000178	1163.97098085566	14.113845703612	6480	5.70350908465659
chr22	24181197	24181198	DERL3	199.957594777649	187.849750715116	199.891995719955	212.43822824276	6.27322768123497	1016	5.08107732106791
chr22	24236563	24236564	MIF	4730.16934492079	4657.52628945942	4730.07179992362	4803.36674013397	37.2050821935822	16164	3.41721380807576
chr22	24384309	24384310	GSTT1	599.743930582696	569.41219360452	599.607382393189	630.85165297436	15.6745587232485	1464	2.44104179358283
chr22	24407763	24407764	CABIN1	394.355252093062	382.834819813292	394.325619542447	406.0440832376	5.92095636431485	4436	11.2487407647183
chr22	24951273	24951274	GUCD1	759.162890272255	739.323622152656	759.117311814833	779.261176421869	10.1884998136224	5552	7.31331848690458
chr22	24951616	24951617	SNRPD3	3885.25812880028	3804.1752442365	3885.10976389588	3967.18415767569	41.5850885896952	8729	2.24669757082405
chr22	24999122	24999123	GGT1	280.004817413859	260.111966713868	279.877668367507	300.620233222673	10.3351664013481	734	2.62138347039622
chr22	25844052	25844053	CRYBB2P1	654.650877405101	618.085504974273	654.468583209039	692.252201795684	18.9218100785225	1197	1.8284555040156
chr22	26879827	26879828	HPS4	662.227780009926	643.113591561056	662.179212415869	681.617973328207	9.82291647854786	4545	6.86319743326363
chr22	26879848	26879849	SRRD	899.536066094671	864.470793191994	899.41511482938	935.288691571374	18.0667617428515	2479	2.75586504359137
chr22	26908470	26908471	TFIP11	637.826004408431	616.736438532577	637.764486751545	659.265168783093	10.8496406630474	3456	5.41840560923094
chr22	26986087	26986088	TPST2	1383.66892447777	1357.26170817945	1383.62477588405	1410.32703329456	13.537435174444	10447	7.55021654037867
chr22	28315292	28315293	PITPNB	1430.42777488365	1389.92482121267	1430.32684277599	1471.50431587498	20.8118645082465	4724	3.30250858026316
chr22	28315362	28315363	TTC28-AS1	1215.9107088158	1157.28992930583	1215.65944491253	1275.9593892021	30.2750242526479	1613	1.32657767408836
chr22	29138018	29138019	HSCB	541.565046535042	501.387375097373	541.296436781308	583.269176352012	20.8913252256833	672	1.24084817567066
chr22	29168660	29168661	CCDC117	425.266429958306	409.722095701552	425.216216532662	441.096121699628	8.00397387242342	2823	6.63819149862539
chr22	29196558	29196559	XBP1	1812.09461473299	1770.67388291248	1812.01151848678	1853.98757485586	21.2541399194368	7269	4.01137994721708
chr22	29663982	29663983	RHBDD3	603.634713735131	578.638012738151	603.543006289516	629.152577589602	12.8871206831243	2194	3.63464848869296
chr22	29663996	29663997	EWSR1	4403.59809485962	4353.27296988307	4403.54790635969	4454.20843682455	25.7493940016158	29247	6.64161428222535
chr22	29702983	29702984	GAS2L1	338.036353052533	322.355794875034	337.971745853654	354.084065958674	8.09450260785032	1744	5.15920842315138
chr22	29784570	29784571	AP1B1	781.402316503704	763.342353909998	781.365677698314	799.670494040688	9.26766735555178	7109	9.09774625676618
chr22	29949734	29949735	THOC5	1276.61567540566	1245.44369077152	1276.54882000953	1308.16759299538	16.0015100558599	6365	4.98583882575109
chr22	29977324	29977325	NIPSNAP1	639.962964868857	616.920164735615	639.889660180309	663.422347700118	11.863377421716	2910	4.54713813102658
chr22	29999543	29999544	NF2	383.901163479359	371.304772825975	383.864706244657	396.70473684881	6.47986368874615	3510	9.14297828167098
chr22	30162967	30162968	ZMAT5	814.061370477394	764.527712284718	813.791650994254	865.127803012783	25.665998016412	1006	1.23577906590758
chr22	30163356	30163357	UQCR10	4113.06461069733	3991.37358993474	4112.74754253224	4236.55749846109	62.5493338906159	4324	1.05128423919091
chr22	30234291	30234292	ASCC2	905.895295342405	875.997791392182	905.808250101822	936.287468423305	15.380691250368	3469	3.82936087408293
chr22	30752934	30752935	SF3A1	1034.3423438023	1004.57851616186	1034.26694990047	1064.53462759313	15.2955008841007	4573	4.42116677075153
chr22	30987925	30987926	PES1	2339.57610338609	2293.95232810127	2339.49814915964	2385.64288555988	23.3910832849321	10004	4.27598828074928
chr22	31364271	31364272	MORC2	699.185128923221	677.768420677793	699.127326769459	720.930321018105	11.0111307828897	4032	5.76671303951999
chr22	31365195	31365196	TUG1	1707.04166350622	1678.54003347288	1707.00002649316	1735.77991303671	14.6023721606003	13666	8.00566283305025
chr22	31477280	31477281	SMTN	655.199481995527	627.295293115075	655.094130532428	683.702370912946	14.3904340782529	2073	3.16392191533227
chr22	31503571	31503572	SELENOM	457.439010529819	410.371068766223	456.995832113137	507.025406090541	24.6634585384336	344	0.752012819373603
chr22	31556136	31556137	RNF185	554.373614695465	532.806322081979	554.299373311512	576.362812836624	11.1119455242941	2489	4.4897519182389
chr22	31795537	31795538	DRG1	1998.85026834247	1949.68859258219	1998.74405486754	2048.61554531685	25.2372842386519	6273	3.13830410378955
chr22	31885872	31885873	EIF4ENIF1	585.38531171764	558.406154455624	585.274886198719	612.992003619212	13.9259087883977	1767	3.01852466167158
chr22	31892123	31892124	SFI1	832.738900572224	800.734370230743	832.630091013432	865.361783610561	16.4874550094205	2551	3.06338517180722
chr22	32058548	32058549	PISD	1126.64799885374	1092.36057807022	1126.55606644626	1161.4578623208	17.6275607153638	4085	3.62579972108069
chr22	32146118	32146119	PRR14L	381.822283335599	369.900073711931	381.789472778779	393.93095204379	6.13057741076915	3879	10.1591765837055
chr22	32340477	32340478	YWHAH	2077.44806164969	2035.81292115424	2077.37493055313	2119.49879958911	21.3490284762941	9469	4.55799602156154
chr22	32808272	32808273	RTCB	1656.81989633919	1620.73287521572	1656.75094887193	1693.29873962238	18.5122430349605	8010	4.83456289829595
chr22	32871222	32871223	FBXO7	1465.06085726387	1433.53757756607	1465.00136766787	1496.92221091571	16.1700192685017	8209	5.60318020872594
chr22	35653443	35653444	HMGXB4	758.81284091965	733.89036039273	758.74063614251	784.145653767589	12.8207845758711	3503	4.61642161426065
chr22	35695795	35695796	TOM1	485.446616438309	461.156033906715	485.338455256863	510.351864861262	12.5509234754992	1496	3.08169827400602
chr22	35796114	35796115	MCM5	1832.66710264339	1800.99746331077	1832.61920502729	1864.60893991376	16.2278273214846	12754	6.95925625641665
chr22	36236628	36236629	RBFOX2	487.834125447224	469.428561764292	487.772717692092	506.588662679072	9.48010585811886	2648	5.42807454802887
chr22	36784110	36784111	MYH9	518.716548741415	510.343401309785	518.704726189919	527.15688270144	4.28925796334477	14625	28.194589194205
chr22	36877685	36877686	TXN2	2001.50215766777	1957.05219627944	2001.41554696375	2046.44431974626	22.8047919079987	7703	3.84860939094656
chr22	36903088	36903089	FOXRED2	277.940384594505	265.677360155336	277.892382548042	290.476198923418	6.32663820512274	1930	6.94393512772796
chr22	36925275	36925276	EIF3D	4238.8940266534	4184.88059330473	4238.8339262232	4293.24900561347	27.6456143028656	23510	5.54625802206269
chr22	37415492	37415493	TST	322.982649090291	304.920203708477	322.892485323044	341.557482309549	9.34710301026872	1194	3.69679301152246
chr22	37415681	37415682	MPST	1277.94129912657	1244.90629108613	1277.86623727907	1311.40287651424	16.9639886217332	5675	4.44073605249213
chr22	37640337	37640338	RAC2	827.457955854979	799.598095125495	827.375178420206	855.788232144109	14.3348594653267	3332	4.0267906984557
chr22	37956469	37956470	CDC42EP1	415.153594430056	400.708123377239	415.109212806869	429.851281569655	7.43482493827495	3118	7.51047333284095
chr22	38004479	38004480	GGA1	1076.62688462263	1051.73665627801	1076.57637475143	1101.80415589465	12.7727137509891	7105	6.59931504728343
chr22	38054735	38054736	PDXP	682.542345432853	662.114882625699	682.488496693495	703.275825275273	10.5006514681977	4225	6.19009212874638
chr22	38071611	38071612	LGALS1	6812.79449733928	6667.70955487375	6812.52353737729	6959.41928063045	74.4178928302456	8381	1.2301853524678
chr22	38082342	38082343	NOL12	671.122744940271	644.771225936206	671.031176313822	697.994638214156	13.5781381855023	2443	3.640168685115
chr22	38142239	38142240	TRIOBP	232.413622616006	220.139300994271	232.355853948499	245.016235722121	6.34668861368328	1341	5.76988553814507
chr22	38203910	38203911	GCAT	847.621789299585	820.134268956065	847.543176072728	875.556060565474	14.1388170826355	3594	4.24009864466772
chr22	38240351	38240352	ANKRD54	261.119471441625	249.885547092197	261.076617042923	272.596932293497	5.79407745146	2031	7.77804883254003
chr22	38245377	38245378	EIF3L	2921.34726297065	2882.43323968699	2921.30198563128	2960.51859349375	19.9201804135756	21507	7.3620141886624
chr22	38349668	38349669	POLR2F	3996.43319702376	3913.51071298074	3996.28234938935	4080.21293452247	42.5272808699812	8831	2.20972040933317
chr22	38453260	38453261	PICK1	249.479603287391	233.383005829579	249.386485317584	266.105375005029	8.34851660563024	893	3.57945093800433
chr22	38577759	38577760	PLA2G6	243.069815789465	226.392505749993	242.967002114356	260.331398100212	8.659003658052	788	3.24186694033012
chr22	38714087	38714088	CSNK1E	1242.26956027478	1209.79650765689	1242.19493684156	1275.16669075174	16.6766372191609	5549	4.46682441351343
chr22	38864065	38864066	KDELR3	248.619719209886	234.123248138136	248.544177950556	263.545480088745	7.50640958445463	1097	4.41236118955595
chr22	38902343	38902344	DDX17	3548.0676696278	3519.4939482203	3548.04762236896	3576.7553179318	14.6077824189676	58995	16.6273604376291
chr22	38966199	38966200	DMC1	1024.30465152171	941.574288171567	1023.70040541593	1110.46881885231	43.0928205656015	565	0.551593707165769
chr22	39052656	39052657	CBY1	259.378791177619	240.065378243757	259.249178117053	279.428770493334	10.0431869029487	667	2.57152867808396
chr22	39077952	39077953	TOMM22	1045.02809379963	1018.40488860134	1044.96848750849	1071.99003590871	13.6701368494854	5844	5.59219415695488
chr22	39096457	39096458	JOSD1	446.739685620396	434.144281248563	446.708434544538	459.512686811385	6.47177010819354	4765	10.6661667932697
chr22	39101805	39101806	GTPBP1	457.851788119019	445.673455129757	457.823304435807	470.191991152206	6.25494593228918	5358	11.702476956598
chr22	39152022	39152023	SUN2	616.875077214606	600.267104372532	616.835753692849	633.706521851958	8.53076352683843	5229	8.47659468366052
chr22	39378402	39378403	APOBEC3B	931.991406793943	904.127747942256	931.918034225727	960.272034663023	14.32308209709	4234	4.54296034183941
chr22	39410263	39410264	APOBEC3C	953.645943785295	931.940889615222	953.602588710019	975.597380852724	11.1371979236757	7332	7.6883879680725
chr22	39473008	39473009	APOBEC3G	241.998890601457	225.745757592743	241.900882720536	258.808985767475	8.43555103874436	823	3.40084203673224
chr22	39715668	39715669	RPL3	21625.5844409608	21520.5108043758	21625.5400346211	21730.9104350968	53.6743904730212	162331	7.50643296800482
chr22	39795757	39795758	TAB1	207.842462860801	200.06734526634	207.816746714997	215.763722508132	4.0043818504821	2694	12.9617401705072
chr22	39898233	39898234	MIEF1	246.920784058606	240.769303123522	246.907319944408	253.148780287567	3.15813324523419	6113	24.7569277058067
chr22	39916562	39916563	ATF4	7109.53910737587	7046.41217047711	7109.49025570359	7172.94366423254	32.2790937993003	48511	6.8233677693216
chr22	39928858	39928859	RPS19BP1	2042.26445636437	1998.86766883019	2042.18358798395	2086.12081155416	22.2590957799927	8418	4.12189517070952
chr22	40322593	40322594	GRAP2	844.354126637079	825.949621449748	844.318936678327	862.958613145742	9.44134636328003	7998	9.47232890523635
chr22	40742502	40742503	ADSL	1817.21538510323	1782.03955154795	1817.15573029464	1852.73023160063	18.0338239420705	10154	5.58767006004804
chr22	40766564	40766565	SGSM3	817.582866426621	796.672137928809	817.535863177818	838.760709933894	10.7372403837306	5798	7.09163589171224
chr22	41215401	41215402	SLC25A17	743.864561835532	722.114319687929	743.808565553841	765.933025331751	11.1786681285382	4428	5.95269653533922
chr22	41253010	41253011	ST13	2965.11381390329	2920.64697177658	2965.05551687506	3009.91195299315	22.7722151696417	16954	5.71782436158216
chr22	41253083	41253084	XPNPEP3	232.463642513107	223.283764021009	232.431557221532	241.825858120226	4.73038480571391	2415	10.3887213238683
chr22	41488612	41488613	EP300	317.717978704049	308.100090530727	317.692329764159	327.481627244104	4.94446548353269	4129	12.9958021791588
chr22	41601311	41601312	L3MBTL2	467.928177275467	451.82206740099	467.879236842918	484.312410494249	8.28873330540178	3187	6.81087430672898
chr22	41682253	41682254	RANGAP1	1311.87447276171	1288.38310259205	1311.83764529763	1335.57513015387	12.0390927164266	11874	9.051170860123
chr22	41697505	41697506	ZC3H7B	679.007719149867	667.081613501024	678.98938353582	691.038024476539	6.1114850674641	12344	18.1794693224622
chr22	41864706	41864707	PHF5A	2649.64827592363	2583.5521804076	2649.5034165654	2716.56759353529	33.933615174679	6097	2.30106012764078
chr22	41865127	41865128	ACO2	758.979501190668	739.445056273675	758.935310701904	778.765076461344	10.0309554350184	5725	7.5430232187019
chr22	41940491	41940492	POLR3H	529.767652935825	512.892413244318	529.720259911442	546.912222367913	8.67888656182741	3726	7.03327200019017
chr22	41985869	41985870	PMM1	605.960183899407	579.148921854427	605.854930908592	633.369586082086	13.8326886348189	1919	3.16687474026935
chr22	42017059	42017060	DESI1	505.763290929736	492.14157698909	505.731025695004	519.568365098438	6.99687567257208	5225	10.3309198071591
chr22	42017165	42017166	XRCC6	5014.30230161647	4957.36653798996	5014.24588772564	5071.55866060161	29.1312650813205	29628	5.90869840265689
chr22	42084911	42084912	SNU13	2684.56991259876	2641.29876599932	2684.50890543881	2728.18775756498	22.1660989633425	14668	5.46381747450966
chr22	42229081	42229082	SREBF2	1023.63096173597	1008.07797819484	1023.61030117913	1039.30135743019	7.96533644424185	16515	16.1337441102722
chr22	42343166	42343167	CENPM	1063.31694600389	1016.88734729392	1063.13712442925	1110.76844935792	23.9507668500139	1971	1.85363358254311
chr22	42466844	42466845	NAGA	465.468769745153	448.443005024049	465.413731435624	482.80731124379	8.76683857124422	2819	6.0562602331912
chr22	42475693	42475694	SMDT1	910.636145214168	861.158723496707	910.396389156341	961.476067254587	25.5934027860589	1266	1.39023693124135
chr22	42486957	42486958	NDUFA6	3754.60404406441	3669.55741516553	3754.43498764639	3840.61140502321	43.6375409028843	7403	1.97171257291519
chr22	42915827	42915828	RRP7A	1009.07032279159	986.755449538641	1009.02702838967	1031.63123416468	11.4482438876695	7769	7.69916607844245
chr22	42949866	42949867	SERHL2	749.571552695251	718.447223881908	749.45704747187	781.346601492381	16.0466996159809	2182	2.9109962780126
chr22	42978015	42978016	RRP7BP	927.07464838291	895.583094046711	926.980233690846	959.102751565902	16.2047263861037	3273	3.53046003977034
chr22	43010966	43010967	POLDIP3	906.425462993921	883.57103726608	906.374828031596	929.567642432839	11.7342159956101	5967	6.58300129862969
chr22	43042993	43042994	CYB5R3	1003.00138025407	974.906506862147	1002.93213218252	1031.4897837031	14.4350369516708	4828	4.81355269798035
chr22	43253406	43253407	ARFGAP3	614.501628369493	590.059265388774	614.4155658589	639.433074912019	12.5960553260451	2380	3.87305727132904
chr22	43343045	43343046	PACSIN2	733.520340081201	714.14732171498	733.475353123717	753.149015027127	9.94975499841989	5435	7.40947415227551
chr22	43539401	43539402	MCAT	696.461520788849	666.269464514605	696.345447308662	727.313208921664	15.5733530419675	2000	2.87165900814548
chr22	43583135	43583136	TTLL12	1601.81661919738	1575.53599646152	1601.77889848826	1628.31160542517	13.4634963952357	14155	8.83684176475369
chr22	44351259	44351260	SAMM50	861.188106400895	833.409726052897	861.109092357605	889.41551548699	14.2877987499959	3633	4.21859054136634
chr22	45072686	45072687	PRR5	824.284722942923	781.516181733467	824.087061174975	868.176549482976	22.1090382325024	1390	1.68631052027425
chr22	45559724	45559725	NUP50	1316.03089118104	1285.60382131216	1315.96914099745	1346.80888163321	15.6140155377722	7104	5.39804958045071
chr22	45705783	45705784	FAM118A	2373.27901885227	2327.23102195241	2373.20073977377	2419.77186875188	23.6079976296252	10106	4.25824351866023
chr22	46067676	46067677	ATXN10	1234.4982144185	1196.59563505752	1234.39567434183	1272.98351875459	19.4874891428595	4013	3.25071349081722
chr22	46646191	46646192	CDPF1	643.768574091539	603.560337647867	643.543651460492	685.255010380665	20.8427771548336	954	1.48189899040388
chr22	46663859	46663860	TTC38	769.863624568557	735.452796316278	769.727128229359	805.050145058474	17.7555804897682	1880	2.4419909448944
chr22	46692636	46692637	GTSE1	807.864281412135	777.906317570106	807.766074893806	838.380342236612	15.4278242059821	2742	3.39413446427787
chr22	46731296	46731297	TRMU	1270.09691568349	1232.00421190061	1269.99628348131	1308.76150226504	19.5817095888688	4207	3.3123456549267
chr22	47016297	47016298	GRAMD4	636.710462211858	618.07454521441	636.662434609598	655.619315336692	9.57811363727831	4419	6.94036027717985
chr22	50051188	50051189	C22orf34	892.776966384925	844.569334249233	892.544845821522	942.303707555445	24.9344024213293	1282	1.43596894663528
chr22	50312276	50312277	CRELD2	894.723924134847	850.23213546251	894.52707288764	940.334392896843	22.9870231783102	1515	1.69325974094739
chr22	50354141	50354142	PIM3	1237.63681303844	1200.41212303499	1237.5381900981	1275.42196739563	19.1359173486049	4183	3.37982835992944
chr22	50624339	50624340	TRABD	1506.48188906616	1472.37415961272	1506.41412164192	1540.97473455335	17.5006754528769	7410	4.91874482778769
chr22	50639406	50639407	SELENOO	650.607157772575	623.987491594568	650.510688317592	677.775048835087	13.7221032722366	2248	3.45523404276134
chr22	50683398	50683399	TUBGCP6	519.631696130429	506.503548164055	519.602551113074	532.925472477796	6.74051017900179	5943	11.4369466763788
chr22	50689832	50689833	HDAC10	695.533517714108	668.055964091136	695.437438637718	723.557077954662	14.1592223736981	2413	3.46927924901506
chr22	50700237	50700238	MAPK12	1446.35172806585	1413.77974559869	1446.28736045196	1479.28950576424	16.7121763580343	7490	5.17854672183789
chr22	50708820	50708821	MAPK11	237.895267340271	225.171300995292	237.834598001281	250.964009206759	6.58033507185752	1307	5.4940142971846
chr22	50745999	50746000	PLXNB2	537.318611175592	523.162366347087	537.285820208839	551.661203936267	7.2703620034266	5462	10.1652909212464
chr22	50781744	50781745	PPP6R2	904.459140615067	880.795294447107	904.404711448335	928.432302548944	12.1527137815102	5539	6.12410196466506
chr22	50913498	50913499	SBF1	701.409573295843	683.276424741625	701.368367665053	719.776889534509	9.3116581420704	5674	8.08942480402503
chr22	50946133	50946134	LMF2	765.157211824904	739.780898004294	765.082962042252	790.955479492354	13.0553135050628	3435	4.48927350734564
chr22	50946643	50946644	NCAPH2	1549.68916536971	1510.24270065079	1549.60092522183	1589.63709049887	20.2543466055277	5854	3.77753173398707
chr22	51021426	51021427	CHKB	1180.01208687183	1126.50345316108	1179.7966845746	1234.74482562215	27.6144291096387	1826	1.54744177649965
chr22	51195512	51195513	RPL23AP82	733.425719312662	670.662298158264	732.938774373671	798.956338720195	32.7343918510663	502	0.68445922576925
